$ 1 0.000005 4.252108200006279 46 5 43 5e-11
t 336 256 368 256 0 1 -1.9600016819342359 0.7531505203486047 500 default
R 224 256 192 256 0 2 10000 1.65 1.65 0 0.73
r 224 256 272 256 0 1000
r 272 256 336 256 0 1000
c 272 256 272 320 0 0.000001 1.6383447495975616 0.001
g 272 320 272 352 0 0
w 368 272 368 320 0
g 368 320 368 352 0 0
370 368 160 368 240 1 0 0
g 448 -64 448 -80 0 0
w 304 160 368 160 0
w 368 160 448 160 0
w 448 160 448 48 0
w 448 -16 448 16 0
w 448 -16 400 -16 0
r 400 -16 400 32 0 1000
s 400 112 400 80 0 0 false
g 400 112 400 128 0 0
x 477 19 613 22 4 24 Solar\sCell\s1
x 413 275 575 278 4 24 Variable\sLoad
v 448 -64 448 -16 0 3 40 1 2 0 0.5
t 400 32 448 32 0 -1 -0.6655984338193197 -0.7548462327576231 100 default
r 400 32 400 80 0 100
r 256 32 256 80 0 1000
t 256 32 304 32 0 -1 2.2868477953303414 -2.386817854471701e-9 100 default
g 256 112 256 128 0 0
s 256 112 256 80 0 1 false
r 256 -16 256 32 0 1000
w 304 -16 256 -16 0
w 304 -16 304 16 0
w 304 160 304 48 0
g 304 -64 304 -80 0 0
x 88 17 224 20 4 24 Solar\sCell\s2
v 304 -64 304 -16 0 0 40 5 0 0 0.5
o 4 16 0 x121102 5 0.00078125 0 2 4 3 current
o 8 16 0 4353 5 0.8 1 2 8 3
o 20 16 0 x101006 5 0.1 2 2 20 3
38 1 F1 5 0 100 -1 Duty\sCycle
