$ 1 0.000005 12.050203812241895 46 5 43 5e-11
R 224 256 192 256 0 2 10000 1.65 1.65 0 0.35000000000000003
370 368 160 368 240 1 0 0
w 304 160 368 160 0
w 368 160 448 160 0
w 448 160 448 48 0
s 400 112 400 80 0 1 false
g 400 112 400 128 0 0
x 539 -91 675 -88 4 24 Solar\sCell\s1
t 400 32 448 32 0 -1 2.8726517659370927 -0.2664027672253235 1000 default
r 400 32 400 80 0 1000
r 256 32 256 80 0 1000
t 256 32 304 32 0 -1 -0.5824853778031928 -0.7343297948233322 1000 default
g 256 112 256 128 0 0
s 256 112 256 80 0 0 false
w 304 160 304 48 0
x 136 -97 272 -94 4 24 Solar\sCell\s2
w 320 256 336 256 0
g 368 272 368 352 0 0
g 272 320 272 352 0 0
c 272 256 272 320 0 0.000009999999999999999 0.9467720421218663 0.001
r 224 256 272 256 0 1000
t 336 256 368 256 0 1 -0.6652190509973287 0.7341834499130854 1000 default
r 272 256 320 256 0 1000
x 390 259 431 262 4 12 TIP120
x 464 45 505 48 4 12 TIP127
i 592 16 592 -48 0 0.25
34 fwdrop\q3 1 3.004352819281e-7 0 12.871952987124589 0 1
d 544 -48 544 16 2 fwdrop\q3
r 496 -48 544 -48 0 11
w 592 -48 544 -48 0
w 544 16 592 16 0
g 592 16 592 48 0 0
w 448 16 448 -48 0
w 448 -48 496 -48 0
w 256 -48 304 -48 0
g 160 16 160 48 0 0
w 160 16 208 16 0
w 208 -48 160 -48 0
r 208 -48 256 -48 0 11
d 208 -48 208 16 2 fwdrop\q3
i 160 16 160 -48 0 0.25
w 304 -48 304 16 0
o 1 16 0 4353 5 0.8 0 2 1 3
o 2 16 0 4098 2.5 0.1 1 2 2 3
38 0 F1 5 0 100 -1 Duty\sCycle
