$ 1 0.000005 4.252108200006279 46 5 43 5e-11
t 336 256 368 256 0 1 -0.9574984606135301 0.7624615664609659 500 default
R 224 256 192 256 0 2 10000 1.65 1.65 0 1
r 224 256 272 256 0 1000
r 272 256 336 256 0 1000
c 272 256 272 320 0 0.000001 2.0312307832276293 0.001
g 272 320 272 352 0 0
w 368 272 368 320 0
g 368 320 368 352 0 0
370 368 160 368 240 1 0 0
f 400 80 448 80 33 1.5 0.32
v 544 -80 544 -32 0 0 40 3 0 0 0.5
g 448 -16 448 -32 0 0
w 304 160 368 160 0
w 368 160 448 160 0
w 448 160 448 96 0
w 448 32 448 64 0
w 448 32 400 32 0
r 400 32 400 80 0 1000
s 400 112 400 80 0 0 false
g 400 112 400 128 0 0
g 256 112 256 128 0 0
s 256 112 256 80 0 1 false
r 256 32 256 80 0 1000
w 304 32 256 32 0
w 304 32 304 64 0
w 304 160 304 96 0
g 304 -16 304 -32 0 0
v 304 -16 304 32 0 0 40 3 0 0 0.5
f 256 80 304 80 33 1.5 0.32
x 477 19 613 22 4 24 Solar\sCell\s1
x 141 16 277 19 4 24 Solar\sCell\s2
x 413 275 575 278 4 24 Variable\sLoad
v 720 64 720 96 0 0 40 5 0 0 0.5
f 800 80 752 80 96 1.5 0.02
w 720 96 752 96 0
r 720 64 752 64 0 1000
R 768 176 768 144 0 0 40 5 0 0 0.5
v 448 -16 448 32 0 4 40 1.65 1.65 0 0.5
w 448 96 480 80 0
w 480 80 448 64 0
o 4 16 0 x121102 5 0.00078125 0 2 4 3 current
o 8 16 0 4353 5 0.8 1 2 8 3
o 37 16 0 x101006 5 0.1 2 2 37 3
38 1 F1 5 0 100 -1 Duty\sCycle
