$ 1 0.000005 12.050203812241895 46 5 43 5e-11
R 224 256 192 256 0 2 10000 1.65 1.65 0 1
r 704 48 752 48 0 10000
r 800 48 800 112 0 100000
c 752 48 752 112 0 0.000001 4.5512279832623353e-157 0.001
g 752 112 752 144 0 0
g 848 112 848 144 0 0
370 368 160 368 240 1 0 0
g 448 -112 448 -128 0 0
w 304 160 368 160 0
w 368 160 448 160 0
w 448 160 448 48 0
w 448 -16 448 16 0
s 400 112 400 80 0 0 false
g 400 112 400 128 0 0
x 477 19 613 22 4 24 Solar\sCell\s1
x 714 -20 876 -17 4 24 Variable\sLoad
v 448 -112 448 -64 0 3 40 1 2 0 0.5
t 400 32 448 32 0 -1 0.4586578672932301 -0.7625917232135409 1000 default
r 400 32 400 80 0 1000
r 256 32 256 80 0 1000
t 256 32 304 32 0 -1 2.557568386969906 -0.26350462349769765 1000 default
g 256 112 256 128 0 0
s 256 112 256 80 0 1 false
w 304 -16 304 16 0
w 304 160 304 48 0
g 304 -112 304 -128 0 0
x 88 17 224 20 4 24 Solar\sCell\s2
v 304 -112 304 -16 0 0 40 3 0 0 0.5
f 816 48 848 48 32 1.5 6.4
w 752 48 800 48 0
w 800 48 816 48 0
g 800 112 800 144 0 0
x 867 49 908 52 4 12 IRL530
r 848 64 848 112 0 1
w 320 256 336 256 0
g 368 272 368 352 0 0
g 272 320 272 352 0 0
c 272 256 272 320 0 0.000009999999999999999 2.034004443461714 0.001
r 224 256 272 256 0 1000
t 336 256 368 256 0 1 0.5837160012891761 0.7626429908215724 1000 default
r 272 256 320 256 0 1000
x 390 259 431 262 4 12 TIP120
x 464 45 505 48 4 12 TIP127
r 448 -64 448 -16 0 1
o 6 16 0 4353 5 1.6 0 2 6 3
o 16 16 0 x101006 5 0.1 1 2 16 3
o 8 16 0 4098 0.3125 0.1 2 2 8 3
38 0 F1 5 0 100 -1 Duty\sCycle
