$ 1 0.000005 4.252108200006279 46 5 43 5e-11
R 224 256 192 256 0 2 10000 1.65 1.65 0 0.8200000000000001
r 224 256 272 256 0 1000
c 272 256 272 320 0 0.000001 1.7798045713297908 0.001
g 272 320 272 352 0 0
w 368 272 368 320 0
g 368 320 368 352 0 0
370 368 160 368 240 1 0 0
g 448 32 448 16 0 0
w 304 160 368 160 0
w 368 160 448 160 0
w 448 112 448 160 0
x 503 101 639 104 4 24 Solar\sCell\s1
x 413 275 575 278 4 24 Variable\sLoad
x 101 93 237 96 4 24 Solar\sCell\s2
f 416 48 448 48 32 1.5 0.02
L 416 48 384 48 0 1 false 5 0
L 272 48 240 48 0 0 false 5 0
f 272 48 304 48 32 1.5 0.02
v 304 64 304 112 0 4 40 1.65 1.65 0 0.5
w 304 112 304 160 0
g 304 32 304 16 0 0
t 336 256 368 256 0 1 -0.46236441509922444 0.7162696556698601 100 default
r 272 256 336 256 0 1000
v 448 64 448 112 0 0 40 3.3 0 0 0.5
o 2 16 0 x121102 5 0.00078125 0 2 2 3 current
o 6 16 0 4353 5 0.4 1 2 6 3
38 0 F1 5 0 100 -1 Duty\sCycle
